alpha cl cd cm:
-180.0  0.00000  0.02125 -0.00000
-179.0  0.00599  0.04359  0.00169
-178.0  0.01197  0.06591  0.00357
-177.0  0.01796  0.08821  0.00564
-176.0  0.02394  0.11049  0.00790
-175.0  0.02993  0.13273  0.01035
-174.0  0.03592  0.15493  0.01298
-173.0  0.04190  0.17708  0.01579
-172.0  0.04789  0.19918  0.01879
-171.0  0.05388  0.22122  0.02195
-170.0  0.05986  0.24320  0.02530
-169.0  0.06585  0.26509  0.02881
-168.0  0.07183  0.28691  0.03248
-167.0  0.07782  0.30864  0.03631
-166.0  0.08381  0.33028  0.04030
-165.0  0.08383  0.35181  0.04301
-164.0  0.07135  0.37324  0.04287
-163.0  0.05355  0.39456  0.04164
-162.0  0.03172  0.41575  0.03966
-161.0  0.00650  0.43682  0.03709
-160.0 -0.02170  0.45775  0.03404
-159.0  0.05313  0.47855  0.05527
-158.0  0.12766  0.49920  0.07634
-157.0  0.20160  0.51970  0.09716
-156.0  0.27466  0.54004  0.11764
-155.0  0.34656  0.56021  0.13771
-154.0  0.41699  0.58021  0.15729
-153.0  0.48570  0.60004  0.17629
-152.0  0.55241  0.61969  0.19467
-151.0  0.61684  0.63914  0.21234
-150.0  0.67876  0.65840  0.22926
-149.0  0.73792  0.67746  0.24536
-148.0  0.79407  0.69632  0.26060
-147.0  0.84701  0.71496  0.27494
-146.0  0.89652  0.73338  0.28834
-145.0  0.94241  0.75158  0.30077
-144.0  0.98449  0.76956  0.31220
-143.0  1.02259  0.78729  0.32262
-142.0  1.05658  0.80479  0.33202
-141.0  1.08631  0.82204  0.34039
-140.0  1.11167  0.83905  0.34773
-139.0  1.13256  0.85579  0.35405
-138.0  1.14889  0.87228  0.35937
-137.0  1.16060  0.88850  0.36369
-136.0  1.16765  0.90445  0.36705
-135.0  1.17000  0.92012  0.36948
-134.0  1.16929  0.93552  0.37130
-133.0  1.16715  0.95063  0.37281
-132.0  1.16359  0.96544  0.37401
-131.0  1.15861  0.97997  0.37493
-130.0  1.15223  0.99420  0.37556
-129.0  1.14443  1.00812  0.37592
-128.0  1.13525  1.02174  0.37602
-127.0  1.12468  1.03504  0.37587
-126.0  1.11274  1.04803  0.37548
-125.0  1.09944  1.06070  0.37487
-124.0  1.08481  1.07305  0.37405
-123.0  1.06885  1.08507  0.37304
-122.0  1.05159  1.09676  0.37184
-121.0  1.03305  1.10812  0.37048
-120.0  1.01325  1.11914  0.36896
-119.0  0.99222  1.12982  0.36730
-118.0  0.96997  1.14015  0.36552
-117.0  0.94655  1.15014  0.36363
-116.0  0.92197  1.15977  0.36164
-115.0  0.89627  1.16905  0.35958
-114.0  0.86948  1.17798  0.35745
-113.0  0.84163  1.18655  0.35527
-112.0  0.81275  1.19476  0.35306
-111.0  0.78288  1.20260  0.35082
-110.0  0.75206  1.21007  0.34858
-109.0  0.72032  1.21718  0.34635
-108.0  0.68771  1.22392  0.34413
-107.0  0.65426  1.23028  0.34195
-106.0  0.62001  1.23627  0.33982
-105.0  0.58500  1.24188  0.33774
-104.0  0.54928  1.24712  0.33574
-103.0  0.51289  1.25197  0.33382
-102.0  0.47588  1.25645  0.33198
-101.0  0.43829  1.26054  0.33025
-100.0  0.40016  1.26424  0.32863
 -99.0  0.36155  1.26757  0.32713
 -98.0  0.32250  1.27050  0.32575
 -97.0  0.28305  1.27305  0.32451
 -96.0  0.24326  1.27521  0.32341
 -95.0  0.20317  1.27698  0.32246
 -94.0  0.16283  1.27836  0.32165
 -93.0  0.12230  1.27936  0.32100
 -92.0  0.08162  1.27996  0.32051
 -91.0  0.04083  1.28018  0.32017
 -90.0  0.00000  1.28000  0.32000
 -89.0 -0.04083  1.28018  0.32017
 -88.0 -0.08161  1.27996  0.32051
 -87.0 -0.12230  1.27936  0.32100
 -86.0 -0.16283  1.27836  0.32165
 -85.0 -0.20317  1.27698  0.32246
 -84.0 -0.24326  1.27521  0.32341
 -83.0 -0.28305  1.27305  0.32451
 -82.0 -0.32250  1.27050  0.32575
 -81.0 -0.36155  1.26757  0.32713
 -80.0 -0.40016  1.26424  0.32863
 -79.0 -0.43829  1.26054  0.33025
 -78.0 -0.47588  1.25645  0.33198
 -77.0 -0.51289  1.25197  0.33382
 -76.0 -0.54928  1.24712  0.33574
 -75.0 -0.58500  1.24189  0.33774
 -74.0 -0.62001  1.23627  0.33982
 -73.0 -0.65426  1.23028  0.34195
 -72.0 -0.68771  1.22392  0.34413
 -71.0 -0.72032  1.21718  0.34635
 -70.0 -0.75206  1.21007  0.34858
 -69.0 -0.78288  1.20260  0.35082
 -68.0 -0.81275  1.19476  0.35305
 -67.0 -0.84163  1.18655  0.35527
 -66.0 -0.86948  1.17798  0.35745
 -65.0 -0.89627  1.16905  0.35958
 -64.0 -0.92197  1.15977  0.36164
 -63.0 -0.94655  1.15014  0.36363
 -62.0 -0.96997  1.14015  0.36552
 -61.0 -0.99222  1.12982  0.36730
 -60.0 -1.01325  1.11914  0.36896
 -59.0 -1.03305  1.10812  0.37048
 -58.0 -1.05159  1.09676  0.37184
 -57.0 -1.06885  1.08507  0.37304
 -56.0 -1.08481  1.07305  0.37405
 -55.0 -1.09944  1.06070  0.37487
 -54.0 -1.11274  1.04803  0.37548
 -53.0 -1.12468  1.03504  0.37587
 -52.0 -1.13525  1.02174  0.37602
 -51.0 -1.14443  1.00812  0.37592
 -50.0 -1.15223  0.99420  0.37556
 -49.0 -1.15861  0.97997  0.37493
 -48.0 -1.16359  0.96544  0.37401
 -47.0 -1.16715  0.95063  0.37281
 -46.0 -1.16929  0.93552  0.37130
 -45.0 -1.17000  0.92012  0.36948
 -44.0 -1.16761  0.87548  0.35243
 -43.0 -1.16046  0.83159  0.33522
 -42.0 -1.14857  0.78850  0.31790
 -41.0 -1.13199  0.74623  0.30053
 -40.0 -1.11078  0.70481  0.28316
 -39.0 -1.08503  0.66427  0.26586
 -38.0 -1.05484  0.62465  0.24871
 -37.0 -1.02033  0.58597  0.23178
 -36.0 -0.98164  0.54826  0.21516
 -35.0 -0.93891  0.51154  0.19893
 -34.0 -0.89232  0.47585  0.18319
 -33.0 -0.84205  0.44121  0.16802
 -32.0 -0.78830  0.40765  0.15352
 -31.0 -0.73128  0.37518  0.13978
 -30.0 -0.67122  0.34384  0.12688
 -29.0 -0.60835  0.31365  0.11491
 -28.0 -0.54292  0.28464  0.10394
 -27.0 -0.47519  0.25681  0.09407
 -26.0 -0.40543  0.23020  0.08534
 -25.0 -0.33391  0.20483  0.07783
 -24.0 -0.26091  0.18071  0.07159
 -23.0 -0.18673  0.15786  0.06665
 -22.0 -0.11165  0.13630  0.06306
 -21.0 -0.03598  0.11606  0.06084
 -20.0  0.04000  0.09714  0.06000
 -19.9  0.03457  0.09532  0.05974
 -19.8  0.02919  0.09351  0.05948
 -19.7  0.02386  0.09172  0.05922
 -19.6  0.01858  0.08994  0.05896
 -19.5  0.01336  0.08818  0.05870
 -19.4  0.00818  0.08643  0.05844
 -19.3  0.00306  0.08469  0.05819
 -19.2 -0.00201  0.08296  0.05793
 -19.1 -0.00702  0.08125  0.05767
 -19.0 -0.01199  0.07956  0.05741
 -18.9 -0.01689  0.07787  0.05715
 -18.8 -0.02174  0.07620  0.05689
 -18.7 -0.02654  0.07455  0.05663
 -18.6 -0.03128  0.07290  0.05637
 -18.5 -0.03596  0.07127  0.05611
 -18.4 -0.04058  0.06966  0.05585
 -18.3 -0.04514  0.06806  0.05559
 -18.2 -0.04965  0.06647  0.05533
 -18.1 -0.05409  0.06489  0.05507
 -18.0 -0.05847  0.06333  0.05481
 -17.9 -0.06279  0.06178  0.05456
 -17.8 -0.06705  0.06025  0.05430
 -17.7 -0.07124  0.05873  0.05404
 -17.6 -0.07537  0.05723  0.05378
 -17.5 -0.07943  0.05573  0.05352
 -17.4 -0.08343  0.05425  0.05326
 -17.3 -0.08735  0.05279  0.05300
 -17.2 -0.09121  0.05134  0.05274
 -17.1 -0.09500  0.04990  0.05248
 -17.0 -0.09871  0.04848  0.05222
 -16.9 -0.10235  0.04707  0.05196
 -16.8 -0.10591  0.04567  0.05170
 -16.7 -0.10940  0.04429  0.05144
 -16.6 -0.11281  0.04292  0.05119
 -16.5 -0.11614  0.04157  0.05093
 -16.4 -0.11939  0.04023  0.05067
 -16.3 -0.12255  0.03890  0.05041
 -16.2 -0.12563  0.03759  0.05015
 -16.1 -0.12862  0.03629  0.04989
 -16.0 -0.13151  0.03501  0.04963
 -15.9 -0.13432  0.03374  0.04937
 -15.8 -0.13702  0.03248  0.04911
 -15.7 -0.13962  0.03124  0.04885
 -15.6 -0.14211  0.03001  0.04859
 -15.5 -0.14449  0.02879  0.04833
 -15.4 -0.14676  0.02759  0.04807
 -15.3 -0.14891  0.02641  0.04781
 -15.2 -0.15092  0.02523  0.04756
 -15.1 -0.15279  0.02408  0.04730
 -15.0 -0.15452  0.02293  0.04704
 -14.9 -0.15608  0.02180  0.04678
 -14.8 -0.15745  0.02068  0.04652
 -14.7 -0.15861  0.01958  0.04626
 -14.6 -0.15951  0.01849  0.04600
 -14.5 -0.16000  0.01742  0.04574
 -14.4 -0.15890  0.01741  0.04548
 -14.3 -0.15779  0.01741  0.04522
 -14.2 -0.15669  0.01740  0.04496
 -14.1 -0.15559  0.01740  0.04470
 -14.0 -0.15448  0.01739  0.04444
 -13.9 -0.15338  0.01739  0.04419
 -13.8 -0.15228  0.01738  0.04393
 -13.7 -0.15117  0.01738  0.04367
 -13.6 -0.15007  0.01737  0.04341
 -13.5 -0.14897  0.01736  0.04315
 -13.4 -0.14786  0.01736  0.04289
 -13.3 -0.14676  0.01735  0.04263
 -13.2 -0.14566  0.01735  0.04237
 -13.1 -0.14455  0.01734  0.04211
 -13.0 -0.14345  0.01734  0.04185
 -12.9 -0.14234  0.01733  0.04159
 -12.8 -0.14124  0.01733  0.04133
 -12.7 -0.14014  0.01732  0.04107
 -12.6 -0.13903  0.01732  0.04081
 -12.5 -0.13793  0.01731  0.04056
 -12.4 -0.13683  0.01731  0.04030
 -12.3 -0.13572  0.01730  0.04004
 -12.2 -0.13462  0.01730  0.03978
 -12.1 -0.13352  0.01729  0.03952
 -12.0 -0.13241  0.01729  0.03926
 -11.9 -0.13131  0.01728  0.03900
 -11.8 -0.13021  0.01728  0.03874
 -11.7 -0.12910  0.01727  0.03848
 -11.6 -0.12800  0.01727  0.03822
 -11.5 -0.12690  0.01726  0.03796
 -11.4 -0.12579  0.01726  0.03770
 -11.3 -0.12469  0.01726  0.03744
 -11.2 -0.12359  0.01725  0.03719
 -11.1 -0.12248  0.01725  0.03693
 -11.0 -0.12138  0.01724  0.03667
 -10.9 -0.12028  0.01724  0.03641
 -10.8 -0.11917  0.01723  0.03615
 -10.7 -0.11807  0.01723  0.03589
 -10.6 -0.11697  0.01722  0.03563
 -10.5 -0.11586  0.01722  0.03537
 -10.4 -0.11476  0.01722  0.03511
 -10.3 -0.11366  0.01721  0.03485
 -10.2 -0.11255  0.01721  0.03459
 -10.1 -0.11145  0.01720  0.03433
 -10.0 -0.11034  0.01720  0.03407
  -9.9 -0.10924  0.01720  0.03381
  -9.8 -0.10814  0.01719  0.03356
  -9.7 -0.10703  0.01719  0.03330
  -9.6 -0.10593  0.01718  0.03304
  -9.5 -0.10483  0.01718  0.03278
  -9.4 -0.10372  0.01718  0.03252
  -9.3 -0.10262  0.01717  0.03226
  -9.2 -0.10152  0.01717  0.03200
  -9.1 -0.10041  0.01717  0.03174
  -9.0 -0.09931  0.01716  0.03148
  -8.9 -0.09821  0.01716  0.03122
  -8.8 -0.09710  0.01715  0.03096
  -8.7 -0.09600  0.01715  0.03070
  -8.6 -0.09490  0.01715  0.03044
  -8.5 -0.09379  0.01714  0.03019
  -8.4 -0.09269  0.01714  0.02993
  -8.3 -0.09159  0.01714  0.02967
  -8.2 -0.09048  0.01713  0.02941
  -8.1 -0.08938  0.01713  0.02915
  -8.0 -0.08828  0.01713  0.02889
  -7.9 -0.08717  0.01712  0.02863
  -7.8 -0.08607  0.01712  0.02837
  -7.7 -0.08497  0.01712  0.02811
  -7.6 -0.08386  0.01712  0.02785
  -7.5 -0.08276  0.01711  0.02759
  -7.4 -0.08166  0.01711  0.02733
  -7.3 -0.08055  0.01711  0.02707
  -7.2 -0.07945  0.01710  0.02681
  -7.1 -0.07834  0.01710  0.02656
  -7.0 -0.07724  0.01710  0.02630
  -6.9 -0.07614  0.01710  0.02604
  -6.8 -0.07503  0.01709  0.02578
  -6.7 -0.07393  0.01709  0.02552
  -6.6 -0.07283  0.01709  0.02526
  -6.5 -0.07172  0.01708  0.02500
  -6.4 -0.07062  0.01708  0.02462
  -6.3 -0.06952  0.01708  0.02423
  -6.2 -0.06841  0.01708  0.02385
  -6.1 -0.06731  0.01707  0.02346
  -6.0 -0.06621  0.01707  0.02308
  -5.9 -0.06510  0.01707  0.02269
  -5.8 -0.06400  0.01707  0.02231
  -5.7 -0.06290  0.01706  0.02192
  -5.6 -0.06179  0.01706  0.02154
  -5.5 -0.06069  0.01706  0.02115
  -5.4 -0.05959  0.01706  0.02077
  -5.3 -0.05848  0.01706  0.02038
  -5.2 -0.05738  0.01705  0.02000
  -5.1 -0.05628  0.01705  0.01962
  -5.0 -0.05517  0.01705  0.01923
  -4.9 -0.05407  0.01705  0.01885
  -4.8 -0.05297  0.01705  0.01846
  -4.7 -0.05186  0.01704  0.01808
  -4.6 -0.05076  0.01704  0.01769
  -4.5 -0.04966  0.01704  0.01731
  -4.4 -0.04855  0.01704  0.01692
  -4.3 -0.04745  0.01704  0.01654
  -4.2 -0.04634  0.01704  0.01615
  -4.1 -0.04524  0.01703  0.01577
  -4.0 -0.04414  0.01703  0.01538
  -3.9 -0.04303  0.01703  0.01500
  -3.8 -0.04193  0.01703  0.01462
  -3.7 -0.04083  0.01703  0.01423
  -3.6 -0.03972  0.01703  0.01385
  -3.5 -0.03862  0.01702  0.01346
  -3.4 -0.03752  0.01702  0.01308
  -3.3 -0.03641  0.01702  0.01269
  -3.2 -0.03531  0.01702  0.01231
  -3.1 -0.03421  0.01702  0.01192
  -3.0 -0.03310  0.01702  0.01154
  -2.9 -0.03200  0.01702  0.01115
  -2.8 -0.03090  0.01702  0.01077
  -2.7 -0.02979  0.01701  0.01038
  -2.6 -0.02869  0.01701  0.01000
  -2.5 -0.02759  0.01701  0.00962
  -2.4 -0.02648  0.01701  0.00923
  -2.3 -0.02538  0.01701  0.00885
  -2.2 -0.02428  0.01701  0.00846
  -2.1 -0.02317  0.01701  0.00808
  -2.0 -0.02207  0.01701  0.00769
  -1.9 -0.02097  0.01701  0.00731
  -1.8 -0.01986  0.01701  0.00692
  -1.7 -0.01876  0.01701  0.00654
  -1.6 -0.01766  0.01701  0.00615
  -1.5 -0.01655  0.01700  0.00577
  -1.4 -0.01545  0.01700  0.00538
  -1.3 -0.01434  0.01700  0.00500
  -1.2 -0.01324  0.01700  0.00462
  -1.1 -0.01214  0.01700  0.00423
  -1.0 -0.01103  0.01700  0.00385
  -0.9 -0.00993  0.01700  0.00346
  -0.8 -0.00883  0.01700  0.00308
  -0.7 -0.00772  0.01700  0.00269
  -0.6 -0.00662  0.01700  0.00231
  -0.5 -0.00552  0.01700  0.00192
  -0.4 -0.00441  0.01700  0.00154
  -0.3 -0.00331  0.01700  0.00115
  -0.2 -0.00221  0.01700  0.00077
  -0.1 -0.00110  0.01700  0.00038
   0.0  0.00000  0.01700  0.00000
   0.1  0.00110  0.01700 -0.00038
   0.2  0.00221  0.01700 -0.00077
   0.3  0.00331  0.01700 -0.00115
   0.4  0.00441  0.01700 -0.00154
   0.5  0.00552  0.01700 -0.00192
   0.6  0.00662  0.01700 -0.00231
   0.7  0.00772  0.01700 -0.00269
   0.8  0.00883  0.01700 -0.00308
   0.9  0.00993  0.01700 -0.00346
   1.0  0.01103  0.01700 -0.00385
   1.1  0.01214  0.01700 -0.00423
   1.2  0.01324  0.01700 -0.00462
   1.3  0.01434  0.01700 -0.00500
   1.4  0.01545  0.01700 -0.00538
   1.5  0.01655  0.01700 -0.00577
   1.6  0.01766  0.01701 -0.00615
   1.7  0.01876  0.01701 -0.00654
   1.8  0.01986  0.01701 -0.00692
   1.9  0.02097  0.01701 -0.00731
   2.0  0.02207  0.01701 -0.00769
   2.1  0.02317  0.01701 -0.00808
   2.2  0.02428  0.01701 -0.00846
   2.3  0.02538  0.01701 -0.00885
   2.4  0.02648  0.01701 -0.00923
   2.5  0.02759  0.01701 -0.00962
   2.6  0.02869  0.01701 -0.01000
   2.7  0.02979  0.01701 -0.01038
   2.8  0.03090  0.01702 -0.01077
   2.9  0.03200  0.01702 -0.01115
   3.0  0.03310  0.01702 -0.01154
   3.1  0.03421  0.01702 -0.01192
   3.2  0.03531  0.01702 -0.01231
   3.3  0.03641  0.01702 -0.01269
   3.4  0.03752  0.01702 -0.01308
   3.5  0.03862  0.01702 -0.01346
   3.6  0.03972  0.01703 -0.01385
   3.7  0.04083  0.01703 -0.01423
   3.8  0.04193  0.01703 -0.01462
   3.9  0.04303  0.01703 -0.01500
   4.0  0.04414  0.01703 -0.01538
   4.1  0.04524  0.01703 -0.01577
   4.2  0.04634  0.01704 -0.01615
   4.3  0.04745  0.01704 -0.01654
   4.4  0.04855  0.01704 -0.01692
   4.5  0.04966  0.01704 -0.01731
   4.6  0.05076  0.01704 -0.01769
   4.7  0.05186  0.01704 -0.01808
   4.8  0.05297  0.01705 -0.01846
   4.9  0.05407  0.01705 -0.01885
   5.0  0.05517  0.01705 -0.01923
   5.1  0.05628  0.01705 -0.01962
   5.2  0.05738  0.01705 -0.02000
   5.3  0.05848  0.01706 -0.02038
   5.4  0.05959  0.01706 -0.02077
   5.5  0.06069  0.01706 -0.02115
   5.6  0.06179  0.01706 -0.02154
   5.7  0.06290  0.01706 -0.02192
   5.8  0.06400  0.01707 -0.02231
   5.9  0.06510  0.01707 -0.02269
   6.0  0.06621  0.01707 -0.02308
   6.1  0.06731  0.01707 -0.02346
   6.2  0.06841  0.01708 -0.02385
   6.3  0.06952  0.01708 -0.02423
   6.4  0.07062  0.01708 -0.02462
   6.5  0.07172  0.01708 -0.02500
   6.6  0.07283  0.01709 -0.02526
   6.7  0.07393  0.01709 -0.02552
   6.8  0.07503  0.01709 -0.02578
   6.9  0.07614  0.01710 -0.02604
   7.0  0.07724  0.01710 -0.02630
   7.1  0.07834  0.01710 -0.02656
   7.2  0.07945  0.01710 -0.02681
   7.3  0.08055  0.01711 -0.02707
   7.4  0.08166  0.01711 -0.02733
   7.5  0.08276  0.01711 -0.02759
   7.6  0.08386  0.01712 -0.02785
   7.7  0.08497  0.01712 -0.02811
   7.8  0.08607  0.01712 -0.02837
   7.9  0.08717  0.01712 -0.02863
   8.0  0.08828  0.01713 -0.02889
   8.1  0.08938  0.01713 -0.02915
   8.2  0.09048  0.01713 -0.02941
   8.3  0.09159  0.01714 -0.02967
   8.4  0.09269  0.01714 -0.02993
   8.5  0.09379  0.01714 -0.03019
   8.6  0.09490  0.01715 -0.03044
   8.7  0.09600  0.01715 -0.03070
   8.8  0.09710  0.01715 -0.03096
   8.9  0.09821  0.01716 -0.03122
   9.0  0.09931  0.01716 -0.03148
   9.1  0.10041  0.01717 -0.03174
   9.2  0.10152  0.01717 -0.03200
   9.3  0.10262  0.01717 -0.03226
   9.4  0.10372  0.01718 -0.03252
   9.5  0.10483  0.01718 -0.03278
   9.6  0.10593  0.01718 -0.03304
   9.7  0.10703  0.01719 -0.03330
   9.8  0.10814  0.01719 -0.03356
   9.9  0.10924  0.01720 -0.03381
  10.0  0.11034  0.01720 -0.03407
  10.1  0.11145  0.01720 -0.03433
  10.2  0.11255  0.01721 -0.03459
  10.3  0.11366  0.01721 -0.03485
  10.4  0.11476  0.01722 -0.03511
  10.5  0.11586  0.01722 -0.03537
  10.6  0.11697  0.01722 -0.03563
  10.7  0.11807  0.01723 -0.03589
  10.8  0.11917  0.01723 -0.03615
  10.9  0.12028  0.01724 -0.03641
  11.0  0.12138  0.01724 -0.03667
  11.1  0.12248  0.01725 -0.03693
  11.2  0.12359  0.01725 -0.03719
  11.3  0.12469  0.01726 -0.03744
  11.4  0.12579  0.01726 -0.03770
  11.5  0.12690  0.01726 -0.03796
  11.6  0.12800  0.01727 -0.03822
  11.7  0.12910  0.01727 -0.03848
  11.8  0.13021  0.01728 -0.03874
  11.9  0.13131  0.01728 -0.03900
  12.0  0.13241  0.01729 -0.03926
  12.1  0.13352  0.01729 -0.03952
  12.2  0.13462  0.01730 -0.03978
  12.3  0.13572  0.01730 -0.04004
  12.4  0.13683  0.01731 -0.04030
  12.5  0.13793  0.01731 -0.04056
  12.6  0.13903  0.01732 -0.04081
  12.7  0.14014  0.01732 -0.04107
  12.8  0.14124  0.01733 -0.04133
  12.9  0.14234  0.01733 -0.04159
  13.0  0.14345  0.01734 -0.04185
  13.1  0.14455  0.01734 -0.04211
  13.2  0.14566  0.01735 -0.04237
  13.3  0.14676  0.01735 -0.04263
  13.4  0.14786  0.01736 -0.04289
  13.5  0.14897  0.01736 -0.04315
  13.6  0.15007  0.01737 -0.04341
  13.7  0.15117  0.01738 -0.04367
  13.8  0.15228  0.01738 -0.04393
  13.9  0.15338  0.01739 -0.04419
  14.0  0.15448  0.01739 -0.04444
  14.1  0.15559  0.01740 -0.04470
  14.2  0.15669  0.01740 -0.04496
  14.3  0.15779  0.01741 -0.04522
  14.4  0.15890  0.01741 -0.04548
  14.5  0.16000  0.01742 -0.04574
  14.6  0.15951  0.01849 -0.04600
  14.7  0.15861  0.01958 -0.04626
  14.8  0.15745  0.02068 -0.04652
  14.9  0.15608  0.02180 -0.04678
  15.0  0.15452  0.02293 -0.04704
  15.1  0.15279  0.02408 -0.04730
  15.2  0.15092  0.02523 -0.04756
  15.3  0.14891  0.02641 -0.04781
  15.4  0.14676  0.02759 -0.04807
  15.5  0.14449  0.02879 -0.04833
  15.6  0.14211  0.03001 -0.04859
  15.7  0.13962  0.03124 -0.04885
  15.8  0.13702  0.03248 -0.04911
  15.9  0.13432  0.03374 -0.04937
  16.0  0.13151  0.03501 -0.04963
  16.1  0.12862  0.03629 -0.04989
  16.2  0.12563  0.03759 -0.05015
  16.3  0.12255  0.03890 -0.05041
  16.4  0.11939  0.04023 -0.05067
  16.5  0.11614  0.04157 -0.05093
  16.6  0.11281  0.04292 -0.05119
  16.7  0.10940  0.04429 -0.05144
  16.8  0.10591  0.04567 -0.05170
  16.9  0.10235  0.04707 -0.05196
  17.0  0.09871  0.04848 -0.05222
  17.1  0.09500  0.04990 -0.05248
  17.2  0.09121  0.05134 -0.05274
  17.3  0.08735  0.05279 -0.05300
  17.4  0.08343  0.05425 -0.05326
  17.5  0.07943  0.05573 -0.05352
  17.6  0.07537  0.05723 -0.05378
  17.7  0.07124  0.05873 -0.05404
  17.8  0.06705  0.06025 -0.05430
  17.9  0.06279  0.06178 -0.05456
  18.0  0.05847  0.06333 -0.05481
  18.1  0.05409  0.06489 -0.05507
  18.2  0.04965  0.06647 -0.05533
  18.3  0.04514  0.06806 -0.05559
  18.4  0.04058  0.06966 -0.05585
  18.5  0.03596  0.07127 -0.05611
  18.6  0.03128  0.07290 -0.05637
  18.7  0.02654  0.07455 -0.05663
  18.8  0.02174  0.07620 -0.05689
  18.9  0.01689  0.07787 -0.05715
  19.0  0.01199  0.07956 -0.05741
  19.1  0.00702  0.08125 -0.05767
  19.2  0.00201  0.08296 -0.05793
  19.3 -0.00306  0.08469 -0.05819
  19.4 -0.00818  0.08643 -0.05844
  19.5 -0.01336  0.08818 -0.05870
  19.6 -0.01858  0.08994 -0.05896
  19.7 -0.02386  0.09172 -0.05922
  19.8 -0.02919  0.09351 -0.05948
  19.9 -0.03457  0.09532 -0.05974
  20.0 -0.04000  0.09714 -0.06000
  21.0  0.03598  0.11606 -0.06084
  22.0  0.11165  0.13630 -0.06306
  23.0  0.18673  0.15786 -0.06665
  24.0  0.26091  0.18071 -0.07159
  25.0  0.33391  0.20483 -0.07783
  26.0  0.40543  0.23020 -0.08534
  27.0  0.47519  0.25681 -0.09407
  28.0  0.54292  0.28464 -0.10394
  29.0  0.60835  0.31365 -0.11491
  30.0  0.67122  0.34384 -0.12688
  31.0  0.73128  0.37518 -0.13978
  32.0  0.78830  0.40765 -0.15352
  33.0  0.84205  0.44121 -0.16802
  34.0  0.89232  0.47585 -0.18319
  35.0  0.93891  0.51154 -0.19893
  36.0  0.98164  0.54826 -0.21516
  37.0  1.02033  0.58597 -0.23178
  38.0  1.05484  0.62465 -0.24871
  39.0  1.08503  0.66427 -0.26586
  40.0  1.11078  0.70481 -0.28316
  41.0  1.13199  0.74623 -0.30053
  42.0  1.14857  0.78850 -0.31790
  43.0  1.16046  0.83159 -0.33522
  44.0  1.16761  0.87548 -0.35243
  45.0  1.17000  0.92012 -0.36948
  46.0  1.16929  0.93552 -0.37130
  47.0  1.16715  0.95063 -0.37281
  48.0  1.16359  0.96544 -0.37401
  49.0  1.15861  0.97997 -0.37493
  50.0  1.15223  0.99420 -0.37556
  51.0  1.14443  1.00812 -0.37592
  52.0  1.13525  1.02174 -0.37602
  53.0  1.12468  1.03504 -0.37587
  54.0  1.11274  1.04803 -0.37548
  55.0  1.09944  1.06070 -0.37487
  56.0  1.08481  1.07305 -0.37405
  57.0  1.06885  1.08507 -0.37304
  58.0  1.05159  1.09676 -0.37184
  59.0  1.03305  1.10812 -0.37048
  60.0  1.01325  1.11914 -0.36896
  61.0  0.99222  1.12982 -0.36730
  62.0  0.96997  1.14015 -0.36552
  63.0  0.94655  1.15014 -0.36363
  64.0  0.92197  1.15977 -0.36164
  65.0  0.89627  1.16905 -0.35958
  66.0  0.86948  1.17798 -0.35745
  67.0  0.84163  1.18655 -0.35527
  68.0  0.81275  1.19476 -0.35305
  69.0  0.78288  1.20260 -0.35082
  70.0  0.75206  1.21007 -0.34858
  71.0  0.72032  1.21718 -0.34635
  72.0  0.68771  1.22392 -0.34413
  73.0  0.65426  1.23028 -0.34195
  74.0  0.62001  1.23627 -0.33982
  75.0  0.58500  1.24189 -0.33774
  76.0  0.54928  1.24712 -0.33574
  77.0  0.51289  1.25197 -0.33382
  78.0  0.47588  1.25645 -0.33198
  79.0  0.43829  1.26054 -0.33025
  80.0  0.40016  1.26424 -0.32863
  81.0  0.36155  1.26757 -0.32713
  82.0  0.32250  1.27050 -0.32575
  83.0  0.28305  1.27305 -0.32451
  84.0  0.24326  1.27521 -0.32341
  85.0  0.20317  1.27698 -0.32246
  86.0  0.16283  1.27836 -0.32165
  87.0  0.12230  1.27936 -0.32100
  88.0  0.08161  1.27996 -0.32051
  89.0  0.04083  1.28018 -0.32017
  90.0 -0.00000  1.28000 -0.32000
  91.0 -0.04083  1.28018 -0.32017
  92.0 -0.08162  1.27996 -0.32051
  93.0 -0.12230  1.27936 -0.32100
  94.0 -0.16283  1.27836 -0.32165
  95.0 -0.20317  1.27698 -0.32246
  96.0 -0.24326  1.27521 -0.32341
  97.0 -0.28305  1.27305 -0.32451
  98.0 -0.32250  1.27050 -0.32575
  99.0 -0.36155  1.26757 -0.32713
 100.0 -0.40016  1.26424 -0.32863
 101.0 -0.43829  1.26054 -0.33025
 102.0 -0.47588  1.25645 -0.33198
 103.0 -0.51289  1.25197 -0.33382
 104.0 -0.54928  1.24712 -0.33574
 105.0 -0.58500  1.24188 -0.33774
 106.0 -0.62001  1.23627 -0.33982
 107.0 -0.65426  1.23028 -0.34195
 108.0 -0.68771  1.22392 -0.34413
 109.0 -0.72032  1.21718 -0.34635
 110.0 -0.75206  1.21007 -0.34858
 111.0 -0.78288  1.20260 -0.35082
 112.0 -0.81275  1.19476 -0.35306
 113.0 -0.84163  1.18655 -0.35527
 114.0 -0.86948  1.17798 -0.35745
 115.0 -0.89627  1.16905 -0.35958
 116.0 -0.92197  1.15977 -0.36164
 117.0 -0.94655  1.15014 -0.36363
 118.0 -0.96997  1.14015 -0.36552
 119.0 -0.99222  1.12982 -0.36730
 120.0 -1.01325  1.11914 -0.36896
 121.0 -1.03305  1.10812 -0.37048
 122.0 -1.05159  1.09676 -0.37184
 123.0 -1.06885  1.08507 -0.37304
 124.0 -1.08481  1.07305 -0.37405
 125.0 -1.09944  1.06070 -0.37487
 126.0 -1.11274  1.04803 -0.37548
 127.0 -1.12468  1.03504 -0.37587
 128.0 -1.13525  1.02174 -0.37602
 129.0 -1.14443  1.00812 -0.37592
 130.0 -1.15223  0.99420 -0.37556
 131.0 -1.15861  0.97997 -0.37493
 132.0 -1.16359  0.96544 -0.37401
 133.0 -1.16715  0.95063 -0.37281
 134.0 -1.16929  0.93552 -0.37130
 135.0 -1.17000  0.92012 -0.36948
 136.0 -1.16765  0.90445 -0.36705
 137.0 -1.16060  0.88850 -0.36369
 138.0 -1.14889  0.87228 -0.35937
 139.0 -1.13256  0.85579 -0.35405
 140.0 -1.11167  0.83905 -0.34773
 141.0 -1.08631  0.82204 -0.34039
 142.0 -1.05658  0.80479 -0.33202
 143.0 -1.02259  0.78729 -0.32262
 144.0 -0.98449  0.76956 -0.31220
 145.0 -0.94241  0.75158 -0.30077
 146.0 -0.89652  0.73338 -0.28834
 147.0 -0.84701  0.71496 -0.27494
 148.0 -0.79407  0.69632 -0.26060
 149.0 -0.73792  0.67746 -0.24536
 150.0 -0.67876  0.65840 -0.22926
 151.0 -0.61684  0.63914 -0.21234
 152.0 -0.55241  0.61969 -0.19467
 153.0 -0.48570  0.60004 -0.17629
 154.0 -0.41699  0.58021 -0.15729
 155.0 -0.34656  0.56021 -0.13771
 156.0 -0.27466  0.54004 -0.11764
 157.0 -0.20160  0.51970 -0.09716
 158.0 -0.12766  0.49920 -0.07634
 159.0 -0.05313  0.47855 -0.05527
 160.0  0.02170  0.45775 -0.03404
 161.0 -0.00650  0.43682 -0.03709
 162.0 -0.03172  0.41575 -0.03966
 163.0 -0.05355  0.39456 -0.04164
 164.0 -0.07135  0.37324 -0.04287
 165.0 -0.08383  0.35181 -0.04301
 166.0 -0.08381  0.33028 -0.04030
 167.0 -0.07782  0.30864 -0.03631
 168.0 -0.07183  0.28691 -0.03248
 169.0 -0.06585  0.26509 -0.02881
 170.0 -0.05986  0.24320 -0.02530
 171.0 -0.05388  0.22122 -0.02195
 172.0 -0.04789  0.19918 -0.01879
 173.0 -0.04190  0.17708 -0.01579
 174.0 -0.03592  0.15493 -0.01298
 175.0 -0.02993  0.13273 -0.01035
 176.0 -0.02394  0.11049 -0.00790
 177.0 -0.01796  0.08821 -0.00564
 178.0 -0.01197  0.06591 -0.00357
 179.0 -0.00599  0.04359 -0.00169
 180.0  0.00000  0.02125  0.00000
